world: world_nether
x: 187.79657606594742
y: 53.0
z: -180.075908677355
yaw: -180.88416
pitch: -0.30000287
name: Blaze
