world: world
x: 295.69999998807907
y: 65.0
z: 440.6413505540091
yaw: 304.9642
pitch: -16.200037
name: domehouse
