world: world
x: 222.64768184301016
y: 97.0
z: 363.39108833464513
yaw: 323.41724
pitch: 19.350101
name: domelake
