world: world
x: -446.43695274261717
y: 12.0
z: 660.5053559263362
yaw: 146.85779
pitch: -33.749905
name: dungeon
