world: world
x: -860.5
y: 69.0
z: 1243.5
yaw: 7.4721375
pitch: 17.549932
name: enchant
