world: world
x: 352.76365941175766
y: 62.0
z: 276.17579141523504
yaw: 70.2063
pitch: -32.549877
name: fangmountain
