world: world_nether
x: -163.11780772263828
y: 37.0
z: 316.2782114095622
yaw: 41.37216
pitch: 38.249912
name: lava
