world: world_nether
x: 22.308908586812727
y: 62.875
z: 83.8573091684753
yaw: 269.2638
pitch: 5.5499926
name: Netherwart
