world: world_nether
x: -99.37645829170505
y: 64.97908037809304
z: 151.91891290223444
yaw: 278.82214
pitch: 14.699913
name: nether
