world: world
x: -394.69999998807907
y: 34.0
z: 726.5519575970247
yaw: 207.3164
pitch: 21.749992
name: Project
