world: world
x: 90.22132384879352
y: 63.0
z: -643.0369201733712
yaw: 272.5514
pitch: 15.450067
name: SnakeRiver
