world: world
x: -388.4366154663208
y: 30.0
z: 721.4750616328234
yaw: 8.403987
pitch: -24.750145
name: temp
