world: world
x: -447.69841583103596
y: 12.0
z: 655.0536914000858
yaw: 336.00568
pitch: 11.250205
name: temp2
