world: world
x: 571.4975230650166
y: 64.0
z: 580.3897616623217
yaw: -34.63242
pitch: 11.549983
name: village
