world: world
x: -750.6999999880791
y: 16.0
z: 1337.441462487222
yaw: 322.76892
pitch: 28.350006
name: zombiedungeon4
