world: world
x: -724.6999999880791
y: 13.054893347032072
z: 1335.348711822858
yaw: 284.51892
pitch: 25.20006
name: zombiedungeon3
