world: world
x: -859.8859754340588
y: 61.0
z: 1211.7227876727466
yaw: 247.7721
pitch: 10.94999
name: ZombieDungeon2
